dict_items([((26, 0.001, 0.001, 1e-05), 0.002759354500468727)])
dict_items([((24, 0.01, 1e-05, 0.001), 0.0028534212753664836)])
dict_items([((22, 0.001, 0.01, 1e-05), 0.0029884960985802796)])
dict_items([((26, 0.01, 1e-05, 0.001), 0.0028023165503623074)])
dict_items([((20, 0.001, 0.001, 0.01), 0.0029593928111829085)])
dict_items([((30, 0.01, 0.0001, 0.01), 0.002875757901883041)])
dict_items([((28, 0.001, 0.01, 0.001), 0.0028833512219043306)])
dict_items([((22, 0.01, 0.0001, 0.01), 0.0028463991750784967)])
dict_items([((26, 0.01, 0.0001, 0.1), 0.0028607676863203007)])
dict_items([((20, 0.01, 0.1, 1e-05), 0.0027573730533505497)])
dict_items([((26, 0.001, 1e-05, 0.0001), 0.002852662267523337)])
dict_items([((30, 0.001, 0.001, 1e-05), 0.0028625622174724354)])
dict_items([((22, 0.001, 0.1, 0.0001), 0.0028696074137201147)])
dict_items([((18, 0.001, 0.001, 0.0001), 0.002992880536785992)])
dict_items([((30, 0.001, 0.001, 0.1), 0.0027801135940860493)])
dict_items([((24, 0.01, 0.01, 0.1), 0.0029191057758551206)])
dict_items([((26, 0.001, 1e-05, 1e-05), 0.002901032593705439)])
dict_items([((26, 0.001, 0.1, 0.1), 0.002835880001823546)])
dict_items([((24, 0.01, 0.001, 0.1), 0.002897048320769095)])
dict_items([((20, 0.01, 0.001, 1e-05), 0.0030657201669218137)])
