dict_items([((26, 0.001, 0.001, 1e-05), 0.0028839801610604314)])
dict_items([((24, 0.01, 1e-05, 0.001), 0.0028859052131461936)])
dict_items([((22, 0.001, 0.01, 1e-05), 0.0028801956460055306)])
dict_items([((26, 0.01, 1e-05, 0.001), 0.002843762881812954)])
dict_items([((20, 0.001, 0.001, 0.01), 0.0028700038653879435)])
dict_items([((30, 0.01, 0.0001, 0.01), 0.0028520287686107254)])
dict_items([((28, 0.001, 0.01, 0.001), 0.002926826315658144)])
dict_items([((22, 0.01, 0.0001, 0.01), 0.0029829749634527804)])
dict_items([((26, 0.01, 0.0001, 0.1), 0.002806909527350036)])
dict_items([((20, 0.01, 0.1, 1e-05), 0.0028586180148722404)])
dict_items([((26, 0.001, 1e-05, 0.0001), 0.0028365086495902546)])
dict_items([((30, 0.001, 0.001, 1e-05), 0.002818035947818094)])
dict_items([((22, 0.001, 0.1, 0.0001), 0.002859034507637973)])
dict_items([((18, 0.001, 0.001, 0.0001), 0.0028990321023386573)])
dict_items([((30, 0.001, 0.001, 0.1), 0.00277374264379987)])
dict_items([((24, 0.01, 0.01, 0.1), 0.002855102611295854)])
dict_items([((26, 0.001, 1e-05, 1e-05), 0.0029304465775664645)])
dict_items([((26, 0.001, 0.1, 0.1), 0.0028183503823890482)])
dict_items([((24, 0.01, 0.001, 0.1), 0.0029615814792559093)])
dict_items([((20, 0.01, 0.001, 1e-05), 0.002934139678766125)])
