dict_items([((26, 0.001, 0.001, 1e-05), 0.0027903821764336165)])
dict_items([((24, 0.01, 1e-05, 0.001), 0.002827276171197106)])
dict_items([((22, 0.001, 0.01, 1e-05), 0.0028474714684932766)])
dict_items([((26, 0.01, 1e-05, 0.001), 0.002868921359143421)])
dict_items([((20, 0.001, 0.001, 0.01), 0.0028148125744229878)])
dict_items([((30, 0.01, 0.0001, 0.01), 0.0027854813612283574)])
dict_items([((28, 0.001, 0.01, 0.001), 0.0028487811292709246)])
dict_items([((22, 0.01, 0.0001, 0.01), 0.002846296372210201)])
dict_items([((26, 0.01, 0.0001, 0.1), 0.002850501242380294)])
dict_items([((20, 0.01, 0.1, 1e-05), 0.0027857120509550753)])
dict_items([((26, 0.001, 1e-05, 0.0001), 0.002833328537267915)])
dict_items([((30, 0.001, 0.001, 1e-05), 0.002873015162842839)])
dict_items([((22, 0.001, 0.1, 0.0001), 0.0028215395196636715)])
dict_items([((18, 0.001, 0.001, 0.0001), 0.0028776336475583304)])
dict_items([((30, 0.001, 0.001, 0.1), 0.002840230916489584)])
dict_items([((24, 0.01, 0.01, 0.1), 0.002835037874799757)])
dict_items([((26, 0.001, 1e-05, 1e-05), 0.0028559620480422122)])
dict_items([((26, 0.001, 0.1, 0.1), 0.0028279554636118495)])
dict_items([((24, 0.01, 0.001, 0.1), 0.0027838460098951606)])
dict_items([((20, 0.01, 0.001, 1e-05), 0.002819793608426278)])
